# Nuclear Modification Factor R_{AA} from CUJET3.1
# 20Ne-20Ne collisions, \sqrt{s_{NN}} = 5.36TeV, centrality range see below.
# Centrality range: 0-10%
# RAA band due to theoretical uncertainty of coupling constant
# see (https://inspirehep.net/literature/1728866) and (https://inspirehep.net/literature/1666029) for more details
# central curve: \alpha_c = 0.9, c_m = 0.25
# upper bound:   \alpha_c = 0.8, c_m = 0.22
# lower bound:   \alpha_c = 1.0, c_m = 0.28
# pT(GeV)	RAA_central RAA_upper	RAA_lower

10	0.5575500730211158	0.5220388248642245	0.5980824072422678
10.5	0.5658821726909236	0.530304813857018	0.6063426130355826
11	0.5738891347165714	0.5382639846697874	0.6142648048262149
11.5	0.5815623509060255	0.5459086083349144	0.6218390864967888
12	0.5889352094290725	0.5532694258279163	0.6291023452444474
12.5	0.5960059159549671	0.560343968158919	0.6360517043908528
13	0.6028033681612464	0.5671591040453982	0.6427183560490652
13.5	0.6093338655045213	0.5737209767512307	0.649107656556809
14	0.6156222767288138	0.5800530209000162	0.6552472611076281
14.5	0.6216761717488721	0.5861616102701374	0.6611449980783751
15	0.6275188349760196	0.5920685866704809	0.6668240690765871
15.5	0.6331559755271639	0.5977791871522798	0.6722925534716702
16	0.6386080180547975	0.6033124840654731	0.6775712456858739
16.5	0.6438816811437585	0.6086748631579305	0.682667049430286
17	0.648994259203024	0.6138813139492585	0.6875984627198002
17.5	0.6539492682239788	0.6189354731798797	0.6923687515391646
18	0.6587608743704642	0.6238510339620446	0.6969945905475073
18.5	0.663432592621402	0.6286310037918503	0.7014792177819786
19	0.667975738849733	0.6332846975297751	0.7058334481163293
19.5	0.6723928939006834	0.6378160762711964	0.7100615290556398
20	0.6766900857218513	0.6422305377069244	0.7141699975459723
20.5	0.6808716925650092	0.6465305075019143	0.7181615656619845
21	0.6849420657202471	0.6507219382429831	0.7220422334036765
21.5	0.6889041867344436	0.6548067091810925	0.7258152582737821
22	0.692763026674084	0.658790097258015	0.7294848633172563
22.5	0.6965226683695	0.6626751953017362	0.7330554362538013
23	0.7001852680134262	0.666465464394361	0.7365295020865399
23.5	0.7037568535534604	0.6701655153005467	0.7399129614773041
24	0.7072411924767178	0.6737791813737122	0.7432104975672371
24.5	0.7106394319641947	0.6773074795778854	0.7464228613621651
25	0.7139589053825831	0.6807574099130663	0.7495568093656322
25.5	0.7171989819719184	0.6841283421490133	0.752611376035418
26	0.7203650509675429	0.6874260347611038	0.755594670086115
26.5	0.7234600549851661	0.6906526634076556	0.7585071731428334
27	0.7264861332534942	0.6938100514444345	0.7613528646625675
27.5	0.7294457383726175	0.6969007258198489	0.7641322362680814
28	0.7323428054621482	0.6999277888298153	0.7668516551360718
28.5	0.735178250705838	0.7028933602374556	0.769511627789993
29	0.7379540741036863	0.7057985228731016	0.7721128828123374
29.5	0.7406713315243436	0.7086443695647399	0.7746581097629236
30	0.7433332999361288	0.7114344087811111	0.7771496015881816
30.5	0.745938883553306	0.7141672892321247	0.7795874231684992
31	0.7484911437038312	0.7168454550358573	0.7819726024514744
31.5	0.7509907989725432	0.7194699146743229	0.7843078914023042
32	0.7534365694599202	0.7220410668507945	0.7865920650042004
32.5	0.7558324970283343	0.7245609200472861	0.7888269096801388
33	0.7581782174322917	0.7270296134925037	0.7910148081552814
33.5	0.7604760635087612	0.7294497764307727	0.7931555533627844
34	0.7627273900353059	0.7318219647440164	0.7952515829105434
34.5	0.7649310244028621	0.7341469274396819	0.7973024127899433
35	0.7670921411923265	0.7364271655169587	0.7993110819056064
35.5	0.7692079635401592	0.7386634279832941	0.801278016908404
36	0.7712817099529664	0.7408552707206112	0.8032029084355762
36.5	0.7733161099726108	0.7430080644845847	0.8050911132365195
37	0.7753113781885796	0.7451196950363577	0.8069403758718375
37.5	0.7772678065348398	0.7471931568516658	0.8087530141863043
38	0.7791863680762559	0.7492279833890984	0.8105296294766464
38.5	0.7810704559652899	0.7512269366115059	0.812271653918
39	0.7829210832488505	0.7531927285935456	0.8139828050177824
39.5	0.7847370946935738	0.7551220210654894	0.8156598468021813
40	0.786521978369792	0.7570209691426498	0.8173085701410158
40.5	0.7882760910003556	0.7588873173856308	0.818925739060474
41	0.7899998992181795	0.7607231241646386	0.8205156174819661
41.5	0.7916948500990896	0.7625298515476947	0.8220771625572039
42	0.7933621312443451	0.7643071202971101	0.8236117963721642
42.5	0.7950020421105566	0.766056038233066	0.8251214975159761
43	0.7966142433505742	0.7677770244837899	0.8266048886962374
43.5	0.7982025323443982	0.7694735994875097	0.8280642978468811
44	0.7997649081326581	0.7711431135749455	0.8295001739890193
44.5	0.8013021840734651	0.7727862853309356	0.8309122401808804
45	0.8028152309357672	0.7744052678989599	0.8323013048775393
45.5	0.8043047922027469	0.7759991980327139	0.8336672632165643
46	0.8057696029670776	0.7775682977912363	0.8350114849677137
46.5	0.8072103817220924	0.7791123451154884	0.8363313354539028
47	0.8086291070569209	0.7806331913088341	0.8376306993588529
47.5	0.810025130261653	0.7821311133130453	0.838908443964039
48	0.8113986958186613	0.783604955947851	0.8401654799289479
48.5	0.8127496216509507	0.7850565779861656	0.8414007394154422
49	0.814079838842963	0.7864862489002103	0.8426161760228021
49.5	0.815389307504159	0.7878940235727189	0.8438110861583844
50	0.816677204278774	0.7892799494168742	0.844985627000839
50.5	0.8179440755808007	0.7906456481543573	0.8461414128022964
51	0.8191924288930634	0.7919919506635776	0.8472796461562108
51.5	0.8204211015126472	0.7933166413956777	0.848397637502763
52	0.8216301558449299	0.7946221329687043	0.8494970309869687
52.5	0.8228200908907218	0.7959082283134681	0.8505795207335408
53	0.823991752429122	0.7971747053709305	0.8516421477104396
53.5	0.8251448012044852	0.7984238345726828	0.8526885745423483
54	0.8262821712590028	0.7996541289523602	0.8537191804669554
54.5	0.8274009285504835	0.8008673998312824	0.8547328427633903
55	0.8285016967989882	0.8020623573122739	0.8557291173135763
55.5	0.8295873477328353	0.8032401491060547	0.8567102995389528
56	0.8306560550385096	0.8044014788052681	0.8576758180356788
56.5	0.8317090437327994	0.8055456827078099	0.8586256429108687
57	0.8327456502051045	0.8066733846252453	0.8595601534022113
57.5	0.833767084480018	0.8077852107526455	0.860480694289616
58	0.8347717323054094	0.8088802504305237	0.8613851523201423
58.5	0.8357623706363239	0.8099597536655163	0.862276147270185
59	0.836735464042339	0.8110211655616167	0.8631514236088426
59.5	0.8376956157920146	0.8120693114464225	0.8640134589260549
60	0.8386380554404862	0.8130983455673811	0.8648588649723954
60.5	0.8395667076535195	0.814114011381129	0.8656913543522454
61	0.8404779721203035	0.8151111417379078	0.8665080228247939
61.5	0.8413746257958841	0.8160931248871438	0.8673093370229562
62	0.8422556806232013	0.8170583764695915	0.8680964595581423
62.5	0.8431217454216262	0.8180077123714652	0.8688708624960274
63	0.8439717273631725	0.8189411076029157	0.8696284789843903
63.5	0.8448069962175986	0.8198587069169138	0.8703735580439511
64	0.8456260649270345	0.8207587762982073	0.8711018506539899
64.5	0.8464303007862286	0.8216447962029803	0.8718177480216823
65	0.8472188979066202	0.82251290693736	0.8725183858882614
65.5	0.847992180643165	0.8233653789329376	0.8732040886086817
66	0.8487504483609684	0.8242021323171305	0.8738762483760356
66.5	0.8494927529850147	0.825022423606756	0.8745327694045875
67	0.8502206139941618	0.8258270212748455	0.8751758273526558
67.5	0.8509320677914755	0.826615211731102	0.8758044715787096
68	0.8516289506881245	0.82738697998333	0.8764170579377336
68.5	0.8523088500660618	0.8281420890718014	0.8770159990477746
69	0.8529743357219851	0.828882080845615	0.8776014520874832
69.5	0.853623905697334	0.8296049069322177	0.878170245963435
70	0.8542582560621086	0.8303114929832914	0.878725347177221
70.5	0.8548766508557699	0.8310017192357144	0.879265338598993
71	0.8554802526897284	0.8316759823943807	0.8797913205262881
71.5	0.8560665466500204	0.8323330798658362	0.8803015065361309
72	0.8566380476506094	0.832974039597679	0.8807977603575644
72.5	0.857193687853358	0.83359821288	0.881278280666923
73	0.8577340136722594	0.8342068896099744	0.8817451083141159
73.5	0.8582584238105867	0.8347979815245105	0.8821961225766513
74	0.8587661497953085	0.8353724441681747	0.8826323039889447
74.5	0.8592597639896369	0.8359321787325239	0.8830552992625265
75	0.8597368137934814	0.8364750719646172	0.8834627979837615
75.5	0.8601983495777745	0.8369999911459293	0.8838546006084507
76	0.8606446508508027	0.8375095959433941	0.8842321342640959
76.5	0.8610736042681212	0.8380018528851491	0.8845936249534014
77	0.8614867592929768	0.8384770065450708	0.8849400208428879
77.5	0.8618849791716738	0.8389372649493733	0.8852730958383461
78	0.862266944022647	0.8393803576664646	0.8855900505613971
78.5	0.8626323818986653	0.8398059029836464	0.8858909049603643
79	0.8629833911519791	0.8402163559760193	0.8861786755165366
79.5	0.8633180979643862	0.8406103867643638	0.8864506501552563
80	0.8636353995633391	0.8409862064506942	0.8867051172846053