pT	OO_PGCM	OO_PGCM_unc	NeNe_PGCM	NeNe_PGCM_unc	OO_NLEFT	OO_NLEFT_unc	NeNe_NLEFT	NeNe_NLEFT_unc	XeXe	XeXe_unc	PbPb	PbPb_unc
10.000000000000002	0.8102863348070802	0.04029203441740953	0.7749836381231158	0.0452807388666559	0.807672421383398	0.040744647844085435	0.7883472462816099	0.043571774780176264	0.3186342367181229	0.059948482737711084	0.23185338336305703	0.05209408011756181
11.000000000000002	0.8245826289336174	0.03879421106204678	0.7908328351214945	0.043798228166307185	0.8220953458944449	0.039236236417214576	0.8037096195895421	0.042069353792895114	0.33868603352244797	0.06178214047683178	0.24923628525830768	0.054510972593462284
12.000000000000002	0.8378558466154337	0.03735894922579014	0.8055893659878195	0.04236142135814536	0.8354876449013803	0.03779029649335036	0.8179967476379131	0.04062008002647133	0.3582672853950241	0.06339718924949783	0.26645739730154216	0.056734474666747
13.000000000000002	0.8501059878525289	0.03598624890863955	0.8192532307220908	0.04097031844217042	0.8478493184042042	0.03640682807249279	0.8312086304267229	0.03922395348090485	0.37737799233585145	0.06479362905570915	0.2835167194927605	0.05876458633741602
14.000000000000002	0.8613330526449031	0.034676110110595015	0.8318244293243082	0.039624919418382365	0.8591803664029165	0.03508583115464181	0.8433452679559714	0.03788097415619568	0.39601815434493	0.0659714598954658	0.3004142518319627	0.06060130760546925
15.000000000000002	0.8715370409925564	0.03342853283165659	0.843302961794472	0.038325224286781256	0.8694807888975172	0.033827305739797475	0.8544066602256588	0.03659114205234387	0.41418777142225965	0.06693068176876776	0.3171499943191487	0.06224463847090678
16.	0.8807179528954886	0.03224351707182421	0.853688828132582	0.037071233047367036	0.8787505858880066	0.03263125182795984	0.8643928072357849	0.03535445716934932	0.4318868435678404	0.067671294675615	0.3337239469543185	0.06369457893372857
17.	0.8892560211643397	0.031135174932247878	0.8633528765617086	0.03589570328745301	0.8873715432138307	0.031512515885029124	0.8736826840796503	0.03419625622129824	0.4486410918543106	0.06829711974289787	0.34952847290159855	0.06499045280009291
18.	0.8971116762144525	0.030102037812729188	0.8722565141205213	0.03479522603209517	0.8953039296717058	0.0304695528878699	0.8822368520591268	0.033113902499245784	0.4644998729380187	0.06879735264559561	0.3646268069385907	0.06612816777014233
19.	0.9041847976977431	0.029140389809643175	0.8803020915474592	0.033761175773571905	0.9024472159804403	0.029498453564867133	0.8899555219998068	0.03210072450993118	0.4795880707584033	0.06914465590237609	0.37917894791288015	0.06709736936354152
20.	0.9104753856142113	0.02825023092299006	0.887489608842522	0.032793552511883095	0.9088014021400344	0.028599217916020714	0.8968386939016901	0.03115672225335475	0.4939056853154645	0.06933902951323936	0.3931848958244671	0.0678980575802906
21.	0.9161802108562759	0.02741814082844063	0.8940299291542116	0.03188224591898292	0.9145647981478411	0.027758432616429685	0.9030935129717538	0.030270304004609005	0.5075303437117041	0.06942588425531923	0.40665704944719183	0.06856924090268013
22.	0.9218183274586871	0.026608718591410174	0.900479279913651	0.031000586366551675	0.9202605179817068	0.026940715195019393	0.9092663992324864	0.029410892418087475	0.5206668153632907	0.06952500739391065	0.4196281150086305	0.0692138182395555
23.	0.9269772313167921	0.025850098143719025	0.9063956144684734	0.030169768817762455	0.9254728310074082	0.026174184910236653	0.9149231002033161	0.028602788009204128	0.5331523653350889	0.06954120125148652	0.43207210012221137	0.06975001347625182
24.	0.9316569224305908	0.02514227948536718	0.9117789328186787	0.029389793272615372	0.9302017372249451	0.02545884176208152	0.9200636158842431	0.02784599077795885	0.5449869936270985	0.06947446582804678	0.44398900478793435	0.07017782661276908
25.	0.9358574008000833	0.024485262616354697	0.9166292349642671	0.028660659731110316	0.9344472366343178	0.024794685750554046	0.9246879462752672	0.027140500724351757	0.5561707002393195	0.06932480112359149	0.45537882900579957	0.07049725764910728
26.	0.9395786664252694	0.023879047536681464	0.9209465209052385	0.027982368193247398	0.9382093292355261	0.024181716875654125	0.9287960913763885	0.02648631784838279	0.566703485171752	0.06909220713812067	0.4662415727758069	0.07070830658526636
27.	0.9432013492252045	0.023288677407003355	0.9251483080682559	0.027322547565286903	0.9418718441691792	0.023584794771248918	0.9327945405743417	0.025849676293083435	0.5769317253030178	0.06885906055105301	0.4768014862322897	0.07089937150887132
28.	0.9467939438517824	0.022707861716715794	0.9293097290410832	0.026675372643570228	0.9455038517895942	0.022997595900944745	0.9367564419524731	0.025224499866060013	0.5869177514235715	0.06864018511033504	0.48709892336246585	0.071086359724989
29.	0.950118800784326	0.022158426065170433	0.9331701032745742	0.026061054595233224	0.948865705114962	0.02244206045060143	0.9404280004119693	0.024631870566709124	0.5964453001892637	0.06838414823697392	0.4969938716915716	0.07121407913730432
30.	0.9531759200228352	0.021640370452367275	0.9367294307687287	0.02547959342027606	0.951957404145283	0.021918188420218976	0.9438092159528301	0.024071788395030658	0.6055143716000945	0.0680909499309697	0.5064863312196068	0.07128252974581747
31.	0.9559653015673103	0.021153694878306373	0.9399877115235469	0.024930989118698732	0.9547789488805569	0.02142597980979727	0.9469000885750557	0.023544253351024724	0.6141249656560638	0.06776059019232228	0.5155763019465717	0.07129171155052832
32.	0.9584869454177511	0.020698399342987728	0.9429449455390286	0.024415241690501077	0.9573303393207839	0.02096543461933653	0.949700618278646	0.02304926543469127	0.6222770823571717	0.06739306902103182	0.5242637838724661	0.07124162455143693
33.	0.9607408515741577	0.020274483846411284	0.9456011328151739	0.02393235113568326	0.9596115754659641	0.020536552848836542	0.9522108050636011	0.022586824646030346	0.6299707217034182	0.06698838641709809	0.5325487769972901	0.07113226874854323
34.	0.9628699736301416	0.019866999822652442	0.9481151628877562	0.023467435538350956	0.9617668500162856	0.020124273987501662	0.954584581972351	0.02214187789607247	0.6373861143562571	0.06657550845311161	0.5405676706987083	0.07100019037823413
35.	0.9651348903620813	0.019448698715597124	0.9507766628991587	0.02299336783344802	0.9640590004173039	0.01970114542378376	0.9571025413483772	0.02168698610192904	0.6448517885047396	0.06620723508716647	0.5485690783640793	0.07091200667844211
36.	0.9672551445705355	0.01904890775535517	0.9532739113102603	0.022539344492001234	0.9662051384963394	0.019296714009729377	0.959462685677027	0.021251681554944446	0.6520141539711872	0.06582673848169462	0.5562854209705399	0.07079601847149536
37.	0.969230736255504	0.018667626941926474	0.9556069081210609	0.02210536551401049	0.968205264253392	0.018910979745338508	0.9616650149583003	0.020835964255118855	0.6588732107556002	0.06543401863669618	0.5637166985180901	0.07065222575739383
38.	0.971061665416987	0.018304856275311088	0.9577756533315602	0.021691430899475783	0.970059377688462	0.0185439426306111	0.963709529192197	0.020439834202452267	0.6654289588579787	0.06502907555217102	0.5708629110067299	0.07048062853613751
39.	0.9727479320549844	0.017960595755509123	0.9597801469417586	0.02129754064839723	0.9717674788015492	0.018195602665547206	0.9655962283787173	0.020063291396944516	0.6716813982783225	0.06461190922811927	0.5777240584364594	0.07028122680772647
40.	0.9742895361694962	0.01763484538252047	0.961620388951656	0.020923694760774658	0.9733295675926537	0.017865959850146884	0.9673251125178611	0.019706335838595712	0.6776305290166317	0.06418251966454092	0.5843001408072784	0.0700540205721607
41.	0.9756864777605224	0.01732760515634507	0.9632963793612522	0.02056989323660824	0.9747456440617753	0.017555014184409967	0.9688961816096285	0.01936896752740591	0.6832763510729063	0.06374090686143585	0.590591158119187	0.06979900982944015
42.	0.9769387568280631	0.01703887507698315	0.9648081181705475	0.020236136075897748	0.9760157082089143	0.017262765668336566	0.9703094356540195	0.019051186463375003	0.6886188644471462	0.06328707081880419	0.5965971103721852	0.06951619457956487
43.	0.9780598787960372	0.01676713554042447	0.9661707606154872	0.019920836220624072	0.9771533834413795	0.016987681031043256	0.9715795073010872	0.018751418824200172	0.693680048494865	0.06282326892152679	0.6023365547165604	0.06920900999480534
44.	0.9793871550138789	0.016474432930233207	0.9677628237362182	0.01958435532360553	0.9784989278607195	0.01669146531238358	0.9730718614903155	0.01843035683783778	0.6990088594067296	0.06240588159460536	0.6082729743752441	0.06896325290768202
45.	0.9806401831734135	0.016192317568300585	0.9692696514978381	0.01925964420034415	0.9797694895640577	0.016405952588603556	0.9744826922194455	0.018120676517202117	0.7041489574147246	0.06198804056238638	0.614021082088474	0.06870760158557859
46.	0.9818189632746412	0.01592078945462655	0.9706912439003464	0.01894670285083988	0.9809650685513942	0.016131142859703074	0.9758119994884772	0.017822377862293126	0.7091003425188499	0.06156974582486985	0.6195808778562499	0.06844205602849501
47.	0.9829234953175618	0.015659848589211156	0.9720276009437436	0.018645531275092775	0.9820856648227289	0.015867036125682188	0.9770597832974106	0.01753546087311081	0.7138630147191056	0.06115099738205576	0.6249523616785719	0.06816661623643122
48.	0.9839537793021755	0.015409494972054294	0.9732787226280294	0.018356129473102833	0.9831312783780618	0.015613632386540954	0.9782260436462457	0.01725992554965511	0.7184369740154916	0.060731795233944175	0.6301355335554402	0.06788128220938727
49.	0.9849098152284822	0.01516972860315613	0.9744446089532038	0.018078497444870112	0.9841019092173929	0.015370931642279262	0.9793107805349823	0.016995771891926137	0.7228222204080079	0.060312139380535035	0.6351303934868545	0.06758605394736328
50.	0.9857916030964818	0.014940549482516496	0.9755252599192671	0.017812635190394444	0.9849975573407223	0.015138933892897222	0.9803139939636207	0.01674299989992384	0.7270187538966546	0.05989202982182834	0.639936941472815	0.06728093145035907
51.	0.9865991429061743	0.014721957610135561	0.9765206755262189	0.017558542709675995	0.9858182227480498	0.014917639138394778	0.9812356839321609	0.016501609573648213	0.7310265744814317	0.05947146655782415	0.6445551775133216	0.06696591471837465
52.	0.9873324346575599	0.014513952986013157	0.9774308557740594	0.017316220002714655	0.9865639054393756	0.014707047378771876	0.9820758504406026	0.01627160091309926	0.7348456821623391	0.05905044958852246	0.6489851016083743	0.06664100375141013
53.	0.9879914783506386	0.01431653561014945	0.9782558006627887	0.017085667069510535	0.9872346054146995	0.014507158614028515	0.9828344934889461	0.01605297391827698	0.7384760769393768	0.0586289789139231	0.6532267137579731	0.06630619854946551
54.	0.9885762739854101	0.014129705482544275	0.9789955101924066	0.016866883910063524	0.9878303226740217	0.014317972844164861	0.9835116130771913	0.01584572858918143	0.741917758812545	0.058207054534026303	0.6572800139621181	0.06596149911254062
55.	0.989137905663131	0.013946990362761036	0.979707975629362	0.016652857400725196	0.9884026132139944	0.0141329522397316	0.9841629406486863	0.015643012719734117	0.7452756105822326	0.057790248505496467	0.6612413321146319	0.06561852963940212
56.	0.9898213803725104	0.013750018192314528	0.9805578105953564	0.016423680135537466	0.9890978235424467	0.0139335385617112	0.9849466751063695	0.015425375683516873	0.748847351865264	0.0573943776311735	0.6653841096088714	0.06531028650304715
57.	0.9904678631705623	0.013558913000315365	0.9813647038140131	0.016201157902748953	0.9897556514599178	0.013740059774034918	0.9856895316040942	0.015214122930464813	0.7523068723218201	0.05700211680831824	0.6694088295145806	0.06500062677636292
58.	0.9910773540572868	0.01337367478676349	0.9821286552853322	0.015985290702359545	0.9903760969664082	0.01355251587670303	0.9863915101418606	0.015009254460577826	0.755654171951901	0.05661346603693046	0.6733154918317594	0.06468955045934938
59.	0.9916498530326837	0.013194303551658904	0.9828496650093137	0.015776078534369242	0.9909591600619175	0.01337090686971526	0.9870526107196684	0.014810770273855967	0.7588892507555067	0.05622842531701022	0.6771040965604078	0.06437705755200668
60.	0.9921853600967532	0.013020799295001495	0.9835277329859576	0.015573521398778045	0.9915048407464458	0.013195232753071773	0.987672833337518	0.014618670370299292	0.7620121087326371	0.05584699464855758	0.680774643700526	0.06406314805433466
61.	0.9926838752494951	0.012853162016791542	0.9841628592152638	0.015377619295586065	0.9920131390199932	0.013025493526772625	0.988252177995409	0.014432954749907745	0.7650227458832923	0.05546917403157248	0.6843271332521137	0.06374782196633344
62.	0.9931453984909094	0.012691391717028766	0.9847550436972324	0.01518837222479319	0.9924840548825595	0.012861689190817649	0.9887906446933415	0.014253623412681271	0.7679211622074723	0.05509496346605497	0.6877615652151711	0.06343107928800296
63.	0.9935699298209963	0.01253548839571339	0.9853042864318635	0.01500578018639942	0.992917588334145	0.012703819745206846	0.9892882334313158	0.014080676358619926	0.7707073577051771	0.05472436295200506	0.6910779395896981	0.06311292001934327
64.	0.9939574692397557	0.012385452052845192	0.9858105874191568	0.014829843180404811	0.9933137393747494	0.012551885189940326	0.9897449442093315	0.013914113587723653	0.7733813323764066	0.05435737248942263	0.6942762563756948	0.06279334416035426
65.	0.9943080167471876	0.012241282688424449	0.9862739466591126	0.014660561206809308	0.9936725080043729	0.012405885525018145	0.9901607770273888	0.013753935099992565	0.7759430862211609	0.05399399207830785	0.697356515573161	0.06247235171103599
66.	0.994621572343292	0.012102980302450883	0.9866943641517307	0.014497934265612966	0.9939938942230153	0.012265820750440193	0.9905357318854876	0.013600140895426605	0.7783926192394399	0.05363422171866056	0.700318717182097	0.062149942671388514
67.	0.9948981360280688	0.011970544894924606	0.9870718398970112	0.01434196235681573	0.9942778980306769	0.012131690866206357	0.9908698087836281	0.013452730974025773	0.7807299314312438	0.053278061410480915	0.7031628612025026	0.06182611704141183
68.	0.9951377078015181	0.011843976465845618	0.9874063738949541	0.014192645480417598	0.9945245194273574	0.012003495872316805	0.9911630077218101	0.01331170533579007	0.7829550227965724	0.05292551115376881	0.7058889476343778	0.06150087482110583
69.	0.9953402876636399	0.011723275015213974	0.9876979661455594	0.01404998363641874	0.994733758413057	0.011881235768771647	0.9914153287000337	0.013177063980719439	0.7850678933354258	0.05257657094852425	0.7084969764777227	0.06117421601047063
70.	0.9955314179709247	0.011605048202194879	0.987975809559759	0.013910202109736314	0.9949313954008259	0.011761480981116235	0.9916547580066591	0.013045157950737352	0.7871314032068375	0.05223196113565215	0.7110489591674363	0.06085027743807314
71.	0.9958260428256107	0.011474030028450655	0.9883712762347231	0.01375631416555112	0.995233445780024	0.011628797954625236	0.9920072377720361	0.012899566434772858	0.7894284317351705	0.05189492334787521	0.7138239556530437	0.06054767539900391
72.	0.9961039313825834	0.011346188637156362	0.9887469517406581	0.01360608782713102	0.9955185581455998	0.011499330095455618	0.9923410332792667	0.012757465503229481	0.7916630888349718	0.05156206685670711	0.7165300708923836	0.0602469373596744
73.	0.9963650836418426	0.011221524028312002	0.9891028360775637	0.013459523094475956	0.9957867324975528	0.011373077403607212	0.9926561445283506	0.012618855156107278	0.7938353745062415	0.05123339166214769	0.7191673048854562	0.05994806332008451
74.	0.9966094996033886	0.011100036201917518	0.9894389292454402	0.01331661996758604	0.9960379688358835	0.011250039879080076	0.9929525715192881	0.012483735393406137	0.7959452887489795	0.05090889776419705	0.7217356576322613	0.059651053280234345
75.	0.9968371792672213	0.01098172515797291	0.9897552312442874	0.013177378446461163	0.9962722671605915	0.011130217521874097	0.9932303142520789	0.012352106215126113	0.7979928315631858	0.05058858516285519	0.7242351291327991	0.05935590724012385
76.	0.9970481226333406	0.01086659089647829	0.9900517420741055	0.013041798531101323	0.9964896274716771	0.01101361033198961	0.9934893727267231	0.012223967621267151	0.7999780029488605	0.05027245385812201	0.7266657193870693	0.05906262519975308
77.	0.9972423297017466	0.01075463341743349	0.9903284617348944	0.01290988022150652	0.9966900497691402	0.010900218309426224	0.9937297469432209	0.012099319611829362	0.8019008029060034	0.04996050384999767	0.7290274283950722	0.058771207159121874
78.	0.9974198004724393	0.010645852720838678	0.990585390226654	0.01278162351767681	0.9968735340529807	0.010790041454184163	0.9939514369015721	0.01197816218681258	0.8037612314346146	0.04965273513848206	0.7313202561568075	0.05848165311823045
79.	0.9975805349454187	0.010540248806693686	0.9908225275493845	0.012657028419612193	0.9970400803231988	0.010683079766263315	0.9941544426017768	0.01186049534621697	0.8055592885346943	0.049349147723575126	0.7335442026722755	0.058193963077078636
80.	0.9977245331206847	0.01043782167499857	0.9910398737030858	0.012536094927312669	0.9971896885797943	0.010579333245663791	0.9943387640438348	0.011746319090042479	0.8072949742062422	0.04904974160527703	0.7356992679414761	0.05790813703566655
81.	0.9978517949982374	0.010338571325753554	0.9912374286877578	0.01241882304077807	0.9973223588227673	0.010478801892385481	0.9945044012277463	0.011635633418289049	0.8089682884492584	0.04875451678358761	0.7377854519644091	0.05762417499399408
82.	0.9979623205780768	0.010242497758958191	0.9914151925034006	0.012305212760008621	0.9974380910521179	0.01038148570642855	0.9946513541535112	0.011528438330956625	0.810579231263743	0.04846347325850703	0.7398027547410749	0.05734207695206134
83.	0.9980561098602028	0.010149600974612871	0.9915731651500143	0.01219526408500432	0.9975368852678459	0.010287384687792722	0.9947796228211297	0.011424733828045375	0.8121278026496959	0.04817661103003518	0.7417511762714731	0.057061842909868266
84.	0.9981331628446155	0.010059880972717483	0.9917113466275986	0.012088977015765057	0.9976187414699513	0.010196498836478385	0.9948892072306016	0.011324519909555297	0.8136140026071171	0.047893930098172	0.743630716555604	0.05678347286741492
85.	0.9981934795313149	0.009973337753271916	0.9918297369361538	0.01198635155229083	0.9976836596584343	0.010108828152485205	0.9949801073819269	0.011227796575486282	0.8150378311360066	0.04761543046291766	0.7454413755934673	0.05650696682470119
86.	0.998237059920301	0.009889971316276225	0.9919283360756799	0.011887387694581641	0.9977316398332947	0.010024372635813183	0.9950523232751056	0.011134563825838328	0.8163992882363644	0.047341112124272056	0.7471831533850634	0.05623232478172707
87.	0.9982639040115736	0.009809781661730521	0.9920071440461767	0.011792085442637545	0.9977626819945327	0.009943132286462486	0.9951058549101378	0.011044821660611492	0.8176983739081907	0.04707097508223518	0.7488560499303919	0.055959546738492794
88.	0.9982740118051331	0.009732768789634638	0.9920661608476443	0.011700444796458542	0.9977767861421482	0.009865107104433168	0.9951407022870236	0.010958570079805774	0.8189350881514852	0.04680501933680703	0.7504600652294531	0.055688632694998075
89.	0.9982673833009791	0.009658932699988743	0.9921053864800827	0.011612465756044521	0.9977739522761411	0.009790297089724953	0.9951568654057626	0.010875809083421117	0.820109430966248	0.04654324488798772	0.7519951992822468	0.05541958265124308
90.	0.9983353433898794	0.009573709180431489	0.9922309501505109	0.011511589533448052	0.9978464710067901	0.009703968486566183	0.9952553379946976	0.010780666320063526	0.8215011387603481	0.046277368526326745	0.7537545437326183	0.055157748700841114
91.	0.9983994652321447	0.009489605501855347	0.9923517115549518	0.011412036276067017	0.997915086165965	0.00961877416420448	0.9953493899315611	0.01068677244779137	0.8228699830240027	0.04601450360213005	0.7554864010294082	0.054898534640234975
92.	0.998456271167369	0.00940717627083315	0.9924636292832482	0.011314436544099415	0.9979762833185705	0.00953527518544145	0.9954351753657054	0.010594731887234421	0.824205311368563	0.04575496554079034	0.7571796102153292	0.054641736661197704
93.	0.9985057611955525	0.009326421487364733	0.9925667033354	0.011218790337545415	0.9980300624646063	0.00945347155027726	0.9955126942971304	0.010504544638392677	0.8255071237940291	0.04549875434230771	0.7588341712903812	0.05438735476372947
94.	0.9985479353166948	0.009247341151450206	0.9926609337114073	0.011125097656404903	0.9980764236040726	0.009373363258711853	0.9955819467258362	0.010416210701266193	0.8267754203004009	0.04524587000668212	0.7604500842545644	0.054135388947830154
95.	0.9985827935307964	0.009169935263089457	0.9927463204112699	0.011033358500677826	0.9981153667369693	0.009294950310745176	0.9956429326518229	0.010329730075854915	0.8280102008876783	0.04499631253391356	0.7620273491078786	0.053885839213499764
96.	0.9986103358378569	0.009094203822282598	0.992822863434988	0.01094357287036446	0.9981468918632964	0.009218232706377227	0.9956956520750904	0.010245102762158786	0.8292114655558614	0.044750081924002094	0.763565965850324	0.0536387055607383
97.	0.9986305622378764	0.009020146829029685	0.9928905627825615	0.010855740765464472	0.998170998983054	0.009143210445608174	0.9957401049956386	0.010162328760177919	0.8303792143049503	0.04450717817694755	0.7650659344819004	0.053393987989545866
98.	0.9986434727308551	0.008947764283330495	0.9929494184539905	0.010769862185978085	0.9981876880962419	0.009069883528437794	0.9957762914134676	0.010081408069912257	0.8315134471349449	0.04426760129275009	0.7665272550026079	0.05315168649992236
99.	0.9986490673167927	0.00887705618518525	0.9929994304492749	0.010685937131905077	0.9981969592028603	0.008998251954866199	0.9958042113285774	0.010002340691361855	0.8326141640458452	0.044031351271409724	0.7679499274124465	0.05291180109186777
100.	0.9986473459956894	0.008808022534593785	0.9930405987684147	0.01060396560324578	0.9981988123029092	0.008928315724893388	0.995823864740968	0.009925126624526714	0.8336813650376513	0.04379842811292628	0.7693339517114162	0.05267433176538222
101.	0.9986383087675451	0.008740663331556264	0.99307292341141	0.010523947599999917	0.9981932473963885	0.00886007483851936	0.9958352516506394	0.009849765869406668	0.8347150501103631	0.043568831817299924	0.770679327899517	0.05243927852046554
102.	0.9986219556323599	0.008674978576072467	0.9930964043782605	0.010445883122167543	0.9981802644832981	0.008793529295744063	0.9958383720575915	0.009776258426001994	0.8357152192639805	0.04334256238453066	0.7719860559767487	0.05220664135711789
103.	0.9985982865901337	0.008610968268142616	0.9931110416689667	0.010369772169748659	0.9981598635636383	0.008728679096567493	0.9958332259618246	0.009704604294312413	0.8366818724985037	0.04311961981461837	0.7732541359431118	0.051976420275339164
104.	0.9985673016408665	0.008548632407766599	0.9931168352835282	0.01029561474274343	0.9981320446374088	0.00866552424098982	0.9958198133633382	0.009634803474338094	0.8376150098139327	0.04290000410756317	0.7744835677986057	0.05174861527512936
105.	0.9985290007845584	0.008487970994944416	0.9931137852219452	0.010223410841151637	0.9980968077046097	0.008604064729010763	0.9957981342621328	0.009566855966078924	0.8385146312102673	0.04268371526336495	0.7756743515432308	0.05152322635648854
106.	0.9984833840212094	0.008428984029676068	0.9931018914842176	0.010153160464973388	0.9980541527652411	0.008544300560630602	0.9957681886582082	0.009500761769535071	0.8393807366875076	0.042470753282023765	0.776826487176987	0.05130025351941658
107.	0.9984304513508194	0.008371671511961665	0.9930811540703454	0.010084863614208628	0.9980040798193031	0.00848623173584917	0.9957299765515643	0.009436520884706368	0.8402133262456536	0.04226111816353967	0.7779399746998743	0.05107969676391372
108.	0.9983702027733884	0.00831603344180104	0.9930515729803285	0.010018520288857358	0.9979465888667952	0.008429858254666467	0.9956834979422012	0.009374133311592925	0.8410123998847054	0.042054809907912605	0.7790148141118927	0.05086155608997972
109.	0.9983026382889165	0.008262069819194251	0.9930131482141672	0.009954130488919744	0.9978816799077179	0.008375180117082548	0.995628752830119	0.009313599050194687	0.8417779576046629	0.04185182851514252	0.7800510054130422	0.0506458314976147
110.	0.9982277578974036	0.008209780644141351	0.9929658797718613	0.009891694214395563	0.9978093529420711	0.008322197323097469	0.9955657412153175	0.009254918100511711	0.8425099994055261	0.041652173985229524	0.7810485486033227	0.05043252298681866
111.	0.9981455615988497	0.008159165916642341	0.9929097676534109	0.009831211465284817	0.9977296079698547	0.008270909872711063	0.9954944630977968	0.009198090462543829	0.8432085252872951	0.041455846318173506	0.7820074436827343	0.050221630557591546
112.	0.998056049393255	0.00811022563669711	0.9928448118588158	0.009772682241587727	0.9976424449910686	0.008221317765923497	0.9954149184775568	0.009143116136291374	0.8438735352499697	0.04126284551397458	0.782927690651277	0.05001315420993341
113.	0.9979592212806192	0.008062959804305714	0.9927710123880762	0.00971610654330407	0.9975478640057129	0.008173421002734715	0.9953271073545977	0.009089995121753958	0.84450502929355	0.04107317157263268	0.7838092895089508	0.049807093943844194
114.	0.997884349549014	0.008012584188421601	0.9927225358893413	0.009655962049736844	0.9974754477368444	0.008122377283529714	0.995263491052331	0.009033466142162272	0.8452045707104917	0.04088075831515531	0.7847639896260306	0.04960126600751863
115.	0.9978379846582612	0.007958028188988442	0.9927070280668149	0.009591012993467818	0.9974318161124415	0.008067103013852217	0.995231333662797	0.008972351845680737	0.8459948870123923	0.04068424827123929	0.7858167979223153	0.049395181727900916
116.	0.9977892282596876	0.00790434179863625	0.9926884243325511	0.00952708845727901	0.9973857431043415	0.008012709480579527	0.9951963706527029	0.008912205770307269	0.8467687731179452	0.04049004459301159	0.7868497574072756	0.049191146163090116
117.	0.9977380803532929	0.007851525017364636	0.99266672468655	0.009464188441170529	0.9973372287125443	0.007959196683711756	0.9951586020220489	0.008853027916041922	0.8475262290271501	0.04029814728047215	0.7878628680809115	0.04898915931308617
118.	0.9976845409390772	0.007799577845173933	0.9926419291288114	0.009402312945142488	0.9972862729370497	0.00790656462324868	0.9951180277708347	0.008794818282884753	0.8482672547400072	0.04010855633362115	0.7888561299432232	0.04878922117788914
119.	0.9976286100170404	0.007748500282063975	0.9926140376593356	0.00934146196919472	0.9972328757778581	0.00785481329919041	0.9950746478990604	0.008737576870835762	0.8489918502565165	0.03992127175245841	0.7898295429942105	0.04859133175749902
120.	0.9975702875871827	0.0076982923280348725	0.9925830502781224	0.009281635513327224	0.9971770372349693	0.007803942711537004	0.995028462406726	0.008681303679894836	0.849700015576678	0.03973629353698399	0.7907831072338735	0.04839549105191582
121.	0.9975095736495039	0.0076489539830865705	0.9925489669851718	0.009222833577539946	0.9971187573083833	0.00775395286028846	0.9949794712938317	0.008625998710062033	0.8503917507004916	0.03955362168719789	0.7917168226622121	0.04820169906113947
122.	0.9974464682040041	0.007600485247219013	0.9925117877804839	0.009165056161833107	0.9970580359981002	0.007704843745444612	0.9949276745603771	0.008571661961337462	0.8510670556279573	0.039373256203100115	0.7926306892792264	0.04800995578517009
123.	0.9973809712506833	0.007552886120432256	0.9924715126640585	0.009108303266206541	0.9969948733041197	0.007656615367005626	0.9948730722063626	0.008518293433720958	0.8517259303590752	0.039195197084690714	0.7935247070849164	0.04782026122400762
124.	0.9973130827895414	0.007506156602726355	0.9924281416358958	0.009052574890660359	0.9969292692264421	0.007609267724971336	0.9948156642317879	0.008465893127212576	0.8523683748938453	0.03901944433196963	0.7943988760792821	0.047632615377651955
125.	0.9972428028205786	0.007460296694101143	0.9923816746959957	0.008997871035194449	0.9968612237650673	0.007562800819342019	0.9947554506366533	0.008414461041812371	0.8529943892322676	0.038845997944936816	0.7952531962623234	0.047447018246103256
126.	0.9971701313437947	0.0074153063945568976	0.9923321118443583	0.008944191699808812	0.9967907369199953	0.007517214650117343	0.9946924314209584	0.008363997177520288	0.8536039733743419	0.03867485792359232	0.7960876676340404	0.047263469829361526
127.	0.9970950683591899	0.007371185704093286	0.9922794530809835	0.008891536884503448	0.9967178086912261	0.007472509217297585	0.9946266065847036	0.008314501534336272	0.8541971273200685	0.0385060242679362	0.796902290194433	0.0470819701274266
128.	0.997017613866764	0.007327934622710586	0.9922236984058714	0.008839906589278468	0.9966424390787597	0.007428684520882689	0.9945579761278887	0.008265974112260488	0.8547738510694473	0.0383394969779684	0.7976970639435013	0.04690251914029858
129.	0.9969377678665171	0.007285553150408575	0.9921648478190219	0.008789300814133871	0.9965646280825962	0.007385740560872545	0.9944865400505136	0.008218414911292882	0.8553341446224781	0.03817527605368892	0.7984719888812453	0.04672511686797748
130.	0.9968555303584491	0.007244041287187419	0.992102901320435	0.008739719559069548	0.9964843757027353	0.007343677337267096	0.9944122983525786	0.008171823931433286	0.8558780079791611	0.038013361495097764	0.7992270650076649	0.046549763310463343
131.	0.9967709013425602	0.00720339903304712	0.9920378589101108	0.008691162824085497	0.9964016819391773	0.007302494850066565	0.9943352510340834	0.008126201172681924	0.8564054411394963	0.03785375330219487	0.7999622923227602	0.046376458467756065
132.	0.9966838808188502	0.0071636263879875095	0.9919697205880491	0.008643630609181718	0.9963165467919222	0.007262193099270842	0.9942553980950282	0.008081546635038628	0.8569164441034838	0.03769645147498041	0.8006776708265312	0.046205202339855644
133.	0.9965944687873192	0.0071247233520086994	0.9918984863542502	0.00859712291435838	0.9962289702609698	0.007222772084879925	0.9941727395354129	0.008037860318503509	0.8574110168711233	0.03754145601345421	0.8013732005189778	0.046035994926762136
134.	0.9965026652479672	0.007086689925110745	0.9918241562087138	0.008551639739615258	0.9961389523463202	0.007184231806893704	0.9940872753552376	0.007995142223076457	0.857889159442415	0.037388766917616334	0.8020488814001001	0.045868836228475596
135.	0.9964084702007941	0.007049526107293536	0.9917467301514401	0.008507181084952409	0.9960464930479734	0.007146572265312456	0.993999005554502	0.007953392348757637	0.8583508718173588	0.03723838418746678	0.802704713469898	0.04570372624499591
136.	0.9963118836458	0.007013231898557126	0.991666208182429	0.00846374695037	0.9959515923659295	0.00710979346013596	0.9939079301332066	0.007912610695546884	0.8587961539959549	0.0370903078230056	0.8033406967283716	0.04554066497632314
137.	0.996212905582985	0.006977807298901573	0.9915825903016806	0.008421337335867807	0.9958542503001883	0.00707389539136416	0.993814049091351	0.007872797263444309	0.8592250059782031	0.03694453782423268	0.803956831175521	0.045379652422457284
138.	0.9961115360123489	0.006943252308326708	0.9914958765091948	0.008379952241445998	0.99575446685075	0.007038878058997333	0.9937173624289353	0.00783395205244991	0.8596374277641035	0.03680107419114809	0.8045531168113459	0.04522068858339834
139.	0.9960077749338918	0.006909566926832811	0.9914060668049716	0.008339591667104518	0.9956522420176144	0.007004741463035202	0.9936178701459596	0.007796075062563523	0.860033419353656	0.03665991692375181	0.8051295536358465	0.04506377345914625
140.	0.9959016223476137	0.0068767511544196025	0.9913131611890111	0.008300255612843255	0.9955475758007816	0.006971485603477878	0.9935155722424237	0.007759166293785369	0.8604129807468606	0.03652106602204397	0.8056861416490227	0.044908907049701074
141.	0.9957930782535146	0.006844804991087139	0.9912171596613132	0.008261944078662375	0.9954404682002517	0.006939110480325417	0.9934104687183278	0.007723225746115281	0.8607761119437174	0.036384521486024335	0.8062228808508747	0.04475608935506281
142.	0.9956821426515944	0.006813728436835476	0.9911180622218779	0.008224657064561824	0.9953309192160245	0.0069076160935777065	0.9933025595736719	0.007688253419553481	0.8611228129442264	0.03625028331569308	0.8067397712414024	0.04460532037523146
143.	0.9955688155418532	0.006783521491664668	0.9910158688707053	0.00818839457054149	0.9952189288481001	0.006877002443234859	0.9931918448084558	0.0076542493140996926	0.8614530837483876	0.036118351511050084	0.8072368128206057	0.04445660011020697
144.	0.995453096924291	0.006754184155574661	0.9909105796077953	0.00815315659660154	0.9951044970964786	0.006847269529296762	0.9930783244226797	0.007621213429754026	0.861766924356201	0.03598872607209552	0.8077140055884846	0.04430992855998944
145.	0.9953422774038531	0.006723985439583635	0.9908110528226817	0.008116919124898092	0.9949950193630454	0.006816664660770633	0.9929702607312865	0.007587227046334966	0.8620990693397883	0.035857865664900235	0.8082115672229325	0.0441627399054228
146.	0.9952511897863878	0.006689403629967505	0.9907353109940299	0.008075564271670055	0.9949055416640313	0.006781621970981866	0.9928844634934558	0.007548386509187599	0.8625201865200479	0.035718565411541836	0.808811320976251	0.04400981396276804
147.	0.9951595078123004	0.006655264736592781	0.9906586568674137	0.008034735013381977	0.9948154455652103	0.006747027975162134	0.9927978973150551	0.007510041224128683	0.8629334356573617	0.03558069857676183	0.8094011396700651	0.043858304254487224
148.	0.995067231481591	0.006621568759459795	0.990581090442833	0.007994431350034137	0.9947247310665823	0.006712882673311271	0.992710562196084	0.007472191191157995	0.8633388167517295	0.03544426516056026	0.8099810233043749	0.04370821078058024
149.	0.9949743607942596	0.0065883156985682145	0.9905026117202879	0.007954653281626256	0.9946333981681473	0.006679186065429443	0.9926224581365426	0.0074348364102757025	0.8637363298031514	0.03530926516293714	0.8105509718791803	0.043559533541047246
150.	0.994880895750306	0.006555505553918151	0.9904232206997783	0.007915400808158446	0.9945414468699054	0.006645938151516595	0.9925335851364311	0.007397976881481638	0.8641259748116273	0.03517569858389247	0.8111109853944816	0.04341227253588814
151.	0.9947868363497304	0.00652313832550977	0.9903429173813043	0.007876673929630762	0.9944488771718566	0.006613138931572671	0.9924439431957492	0.007361612604775969	0.8645077517771573	0.03504356542342624	0.8116610638502784	0.04326642776510298
152.	0.9946921825925328	0.006491214013342739	0.9902617017648658	0.007838472646043149	0.9943556890740007	0.006580788405597615	0.9923535323144971	0.007325743580158639	0.8648816606997413	0.03491286568153845	0.8122012072465709	0.0431219992286917
153.	0.994596934478713	0.006459732617417446	0.9901795738504628	0.0078007969573955505	0.994261882576338	0.006548886573591706	0.9922623524926748	0.007290369807629593	0.8652477015793794	0.034783599358229056	0.812731415583359	0.04297898692665436
154.	0.9945010920082712	0.006428694137733504	0.9900965336380955	0.007763646863688023	0.9941674576788683	0.006517433435554609	0.9921704037302822	0.007255491287188942	0.8656058744160715	0.03465576645349816	0.8132516888606429	0.042837390858990965
155.	0.9944046551812074	0.006398098574291189	0.9900125811277637	0.007727022364920566	0.9940724143815916	0.006486428991486548	0.9920776860273193	0.007221108018836575	0.8659561792098177	0.034529366967345654	0.8137620270784224	0.042697211025701454
156.	0.9943076239975214	0.00636794592709039	0.9899277163194674	0.00769092346109318	0.9939767526845078	0.006455873241387411	0.9919841993837862	0.007187220002572492	0.8662986159606179	0.03440440089977165	0.8142624302366976	0.04255844742678583
157.	0.9942099984572134	0.006338236196131164	0.9898419392132066	0.007655350152205864	0.9938804725876172	0.006425766185257253	0.9918899437996829	0.007153827238396804	0.8666331846684722	0.034280868250776086	0.8147528983354685	0.0424211000622442
158.	0.9941117785602833	0.006308969381413454	0.9897552498089816	0.007620302438258619	0.9937835740909197	0.0063961078230960755	0.9917949192750092	0.0071209297263094	0.8669598853333804	0.034158769020358914	0.815233431374735	0.0422851689320764
159.	0.9940129643067311	0.006280145482937205	0.9896676481067919	0.007585780319251445	0.993686057194415	0.006366898154903766	0.9916991258097653	0.007088527466310335	0.8672787179553428	0.03403810320852019	0.8157040293544973	0.04215065403628265
160.	0.993913555696557	0.0062517645007025835	0.9895791341066378	0.007551783795184286	0.9935879218981035	0.006338137180680492	0.9916025634039511	0.007056620458399665	0.8675896825343592	0.033918870815259905	0.8161646922747552	0.042017555374862736
161.	0.9938135527297607	0.0062238264347094785	0.9894897078085193	0.007518312866057197	0.9934891682019851	0.0063098249004261975	0.9915052320575668	0.007025208702577224	0.8678927790704297	0.03380107184057807	0.8166154201355087	0.041885872947816705
162.	0.9937129554063424	0.00619633128495789	0.9893993692124363	0.007485367531870235	0.9933897961060596	0.006281961314140827	0.9914071317706121	0.006994292198843122	0.8681880075635542	0.033684706284474675	0.817056212936758	0.04175560675514467
163.	0.993611763726302	0.0061692790514478735	0.9893081183183889	0.007452947792623343	0.9932898056103272	0.006254546421824436	0.9913082625430872	0.006963870947197359	0.8684753680137327	0.03356977414694973	0.8174870706785029	0.04162675679684652
164.	0.9935099776896396	0.006142669734179318	0.9892159551263771	0.007421053648316467	0.9931891967147879	0.0062275802234769695	0.991208624374992	0.006933944947639992	0.8687548604209654	0.03345627542800317	0.8179079933607435	0.04149932307292231
165.	0.993407597296355	0.006116503333152334	0.9891228796364008	0.007389685098949661	0.9930879694194416	0.006201062719098482	0.9911082172663266	0.006904514200170853	0.869026484785252	0.03334421012763511	0.8183189809834798	0.04137330558337199
166.	0.9933046225464484	0.006090779848366923	0.98902889184846	0.007358842144522981	0.9929861237242883	0.006174993908688975	0.9910070412170909	0.0068755787047901085	0.8692902411065927	0.03323357824584544	0.8187200335467117	0.04124870432819561
167.	0.9932010534399197	0.006065499279823028	0.9889339917625548	0.007328524785036317	0.992883659629328	0.0061493737922483915	0.9909050962272851	0.006847138461497704	0.8695461293849875	0.03312437978263427	0.8191111510504393	0.041125519307393166
168.	0.9930968899767689	0.006040661627520649	0.9888381793786852	0.007298733020489723	0.9927805771345608	0.006124202369776788	0.9908023822969089	0.0068191934702935275	0.8697941496204363	0.03301661473800149	0.8194923334946627	0.041003750520964666
169.	0.9929921321569961	0.006016266891459787	0.988741454696851	0.0072694668508831994	0.9926768762399867	0.006099479641274164	0.9906988994259625	0.006791743731177746	0.8700343018129392	0.032910283111947214	0.8198635808793816	0.040883397968909996
170.	0.9928867799806013	0.005992315071640497	0.9886438177170526	0.007240726276216747	0.9925725569456055	0.006075205606740464	0.9905946476144457	0.006764789244150304	0.8702665859624961	0.03280538490447127	0.8202248932045962	0.04076446165122927
171.	0.9927808334475844	0.005968806168062779	0.9885452684392896	0.007212511296490365	0.9924676192514175	0.006051380266175743	0.9904896268623588	0.006738330009211202	0.870491002069107	0.03270192011557388	0.8205762704703066	0.04064694156792248
172.	0.9926742925579454	0.005945740180726522	0.9884458068635621	0.007184821911703998	0.9923620631574224	0.006028003619580002	0.9903838371697016	0.0067123660263603835	0.870707550132772	0.03259988874525488	0.8209177126765126	0.04053083771898963
173.	0.9925671573116843	0.005923117109631837	0.9883454329898702	0.007157658121857757	0.9922558886636204	0.006005075666953186	0.9902772785364741	0.0066868972955979045	0.8709162301534911	0.032499290793514324	0.8212492198232142	0.04041615010443067
174.	0.9924594277088011	0.005900936954778668	0.9882441468182139	0.007131019926951532	0.9921490957700114	0.005982596408295349	0.9901699509626763	0.006661923816923765	0.8711170421312642	0.03240012626035221	0.8215707919104115	0.04030287872424565
175.	0.9923511037492959	0.005879199716167072	0.9881419483485931	0.007104907326985432	0.9920416844765955	0.005960565843606491	0.9900618544483084	0.006637445590337909	0.8713099860660913	0.03230239514576855	0.8218824289381046	0.04019102357843457
176.	0.9922421854331687	0.005857905393796992	0.9880388375810079	0.007079320321959404	0.9919336547833726	0.005938983972886558	0.9899529889933701	0.006613462615840393	0.8714950619579725	0.03220609744976327	0.8221841309062933	0.040080584666997376
177.	0.9921326727604194	0.005837053987668428	0.9879348145154582	0.00705425891187339	0.9918250066903428	0.005917850796135549	0.9898433545978617	0.006589974893431216	0.8716722698069078	0.03211123317233644	0.8224758978149777	0.03997156198993407
178.	0.992022565731048	0.005816645497781436	0.9878298791519441	0.007029723096727447	0.991715740197506	0.0058971663133535746	0.989732951261783	0.006566982423110379	0.8718416096128971	0.03201780231348811	0.8227577296641576	0.039863955547244756
179.	0.9919118643450545	0.005796679924135961	0.9877240314904655	0.00700571287652163	0.9916058553048621	0.00587693052454058	0.9896217789851339	0.006544485204877881	0.8720030813759405	0.031925804873218167	0.8230296264538334	0.03975776533892933
180.	0.9918005686024389	0.005777157266732003	0.9876172715310224	0.006982228251255773	0.9914953520124115	0.005857143429696454	0.9895098377679147	0.006522483238733667	0.8721566850960378	0.03183524085152667	0.8232915881840047	0.03965299136498779
181.	0.9916886785032013	0.005758077525569616	0.9875095992736149	0.006959269220930098	0.9913842303201538	0.005837805028821308	0.9893971276101252	0.006500976524677848	0.8723024207731893	0.03174611024841362	0.8235436148546718	0.039549633625420244
182.	0.9915761940473417	0.005739440700648746	0.987401014718243	0.006936835785544437	0.991272490228089	0.005818915321915141	0.9892836485117654	0.006479965062710258	0.8724402884073948	0.03165841306387901	0.8237857064658345	0.039447692120226585
183.	0.99146311523486	0.005721246791969392	0.9872915178649067	0.006914927945098848	0.9911601317362174	0.005800474308977954	0.9891694004728354	0.006459448852831062	0.8725702879986543	0.03157214929792285	0.8240178630174929	0.03934716684940687
184.	0.9913494420657561	0.005703495799531666	0.9871811087136059	0.006893545699593329	0.9910471548445389	0.005782481990009747	0.9890543834933352	0.006439427895040151	0.872692419546968	0.031487318950545184	0.824240084509647	0.03924805781296098
185.	0.9912415018779793	0.0056841814387341705	0.9870778008323097	0.006870321875461383	0.990940003194593	0.005762906315980421	0.9889459331296065	0.006417666343433048	0.8728465256383983	0.03139850196014299	0.8245004762413837	0.039145563986904386
186.	0.9911410708226169	0.0056627405241419515	0.9869838437148142	0.006844591981895409	0.9908404855851225	0.00574117686910558	0.9888461085503676	0.0063935365722740944	0.873043790510792	0.03130417685775311	0.8248125418820138	0.03903833767271986
187.	0.9910407373364333	0.005641523128614989	0.9868898506227748	0.006819128821094145	0.9907410542200206	0.005719673901555367	0.9887463172100431	0.00636965755235952	0.8732375443247231	0.03121069246331115	0.8251199330162913	0.038932002577114044
188.	0.9909405014194282	0.0056205292521532835	0.9867958215561913	0.006793932393057589	0.9906417090992871	0.00569839741332967	0.9886465591086331	0.006346029283689492	0.8734277870801916	0.031118048776817286	0.8254226496442164	0.03882655870008689
189.	0.9908403630716018	0.0055997588947569454	0.9867017565150638	0.006769002697785853	0.9905424502229221	0.0056773474044285455	0.9885468342461377	0.006322651766263954	0.8736145187771975	0.031026245798271512	0.8257206917657889	0.038722006041638446
190.	0.9907403222929542	0.005579212056425864	0.9866076554993922	0.006744339735278881	0.9904432775909255	0.0056565238748520486	0.9884471426225566	0.006299525000082851	0.8737977394157407	0.030935283527673718	0.8260140593810088	0.03861834460176872
191.	0.9906403790834851	0.005558888737160039	0.9865135185091768	0.006719943505536563	0.9903441912032975	0.005635926824600124	0.98834748423789	0.006276648985146238	0.8739774489958213	0.030845161965023904	0.8263027524898763	0.0385155743804777
192.	0.9905405334431948	0.005538788936959527	0.9864193455444172	0.0066958140085590645	0.990245191060038	0.005615556253672771	0.988247859092138	0.006254023721454061	0.8741536475174393	0.03075588111032218	0.8265867710923911	0.0384136953777654
193.	0.9904407853720831	0.005518912655824271	0.9863251366051137	0.006671951244346275	0.990146277161147	0.00559541216206999	0.9881482671853004	0.0062316492090064846	0.8743263349805946	0.030667440963568438	0.8268661151885535	0.038312707593631756
194.	0.9903411348701502	0.005499259893754382	0.9862308916912661	0.006648355212898305	0.9900474495066246	0.005575494549791782	0.9880487085173772	0.006209525447803288	0.8744955113852874	0.03057984152476273	0.8271407847783633	0.03821261102807677
195.	0.9902415819373959	0.005479830650749695	0.9861366108028745	0.006625025914215044	0.9899487080964705	0.005555803416838145	0.9879491830883685	0.006187652437844582	0.8746611767315174	0.030493082793905057	0.8274107798618205	0.0381134056811005
196.	0.9901421265738202	0.00546062492681032	0.9860422939399389	0.006601963348296491	0.9898500529306851	0.0055363387632090255	0.9878496908982743	0.006166030179130366	0.8748233310192849	0.03040716477099542	0.8276761004389253	0.03801509155270294
197.	0.9900427687794232	0.005441642721936257	0.9859479411024593	0.006579167515142759	0.989751484009268	0.005517100588904533	0.9877502319470947	0.006144658671660697	0.8749819742485897	0.030322087456033875	0.8279367465096774	0.037917668642884095
198.	0.9899435085542049	0.005422884036127451	0.9858535522904357	0.006556638414753735	0.9896530013322195	0.005498088893924669	0.9876508062348295	0.006123537915435406	0.8751371064194319	0.030237850849020254	0.828192718074077	0.03782113695164391
199.	0.9898443458981652	0.005404348869383957	0.9857591275038681	0.006534376047129475	0.9895546048995395	0.0054793036782693205	0.9875514137614787	0.006102667910454662	0.8752887275318114	0.030154454949954723	0.8284440151321241	0.037725496478982434
200.	0.9897452808113042	0.005386037221705775	0.9856646667427563	0.006512380412269925	0.989456294711228	0.0054607449419386	0.9874520545270424	0.006082048656718353	0.8754368375857283	0.030071899758837173	0.8286906376838187	0.037630747224899674
201.	0.989646313293622	0.00536794909309285	0.9855701700071007	0.006490651510175194	0.989358070767285	0.005442412684932452	0.9873527285315207	0.006061680154226534	0.8755814365811826	0.029990185275667658	0.8289325857291606	0.03753688918939563
202.	0.9895474433451183	0.005350084483545237	0.985475637296901	0.006469189340845116	0.9892599330677104	0.005424306907250875	0.9872534357749133	0.006041562402979261	0.8757225245181742	0.02990931150044618	0.8291698592681501	0.03744392237247024
203.	0.9894486709657934	0.00533244339306288	0.9853810686121574	0.006447993904279858	0.9891618816125044	0.005406427608893816	0.9871541762572205	0.006021695402976368	0.8758601013967032	0.029829278433172735	0.8294024583007871	0.03735184677412351
204.	0.989349996155647	0.00531502582164578	0.9852864639528697	0.006427065200479365	0.9890639164016668	0.005388774789861384	0.9870549499784421	0.006002079154218021	0.8759941672167696	0.02975008607384738	0.8296303828270715	0.03726066239435555
205.	0.9892514189146795	0.005297831769294048	0.9851918233190379	0.00640640322944358	0.9889660374351978	0.005371348450153524	0.9869557569385783	0.005982713656704108	0.8761247219783733	0.029671734422469953	0.8298536328470033	0.037170369233166245
206.	0.9891529392428905	0.005280861236007572	0.9850971467106622	0.00638600799117256	0.9888682447130973	0.005354148589770236	0.9868565971376289	0.0059635989104346865	0.8762517656815144	0.029594223479040616	0.8300722083605826	0.037080967290555655
207.	0.9890545571402802	0.005264114221786409	0.9850024341277424	0.006365879485666304	0.9887705382353652	0.005337175208711575	0.9867574705755939	0.005944734915409755	0.8763752983261929	0.029517553243559258	0.8302861093678093	0.036992456566523724
208.	0.9889562726068486	0.005247590726630447	0.9849076855702786	0.006346017712924756	0.9886729180020016	0.005320428306977432	0.9866583772524735	0.00592612167162937	0.8764953199124088	0.029441723716025936	0.8304953358686836	0.036904837061070506
209.	0.9888580856425957	0.005231290750539852	0.9848129010382709	0.006326422672947918	0.9885753840130066	0.00530390788456786	0.9865593171682675	0.005907759179093364	0.876611830440162	0.029366734896440705	0.8306998878632053	0.036818108774196
210.	0.9887599962475214	0.005215214293514514	0.984718080531719	0.006307094365735955	0.9884779362683801	0.0052876139414828605	0.986460290322976	0.005889647437801848	0.8767248299094526	0.029292586784803454	0.8308997653513744	0.036732271705900155
211.	0.9886620044216259	0.005199361355554488	0.9846232240506233	0.006288032791288645	0.988380574768122	0.0052715464777224885	0.986361296716599	0.005871786447754823	0.8768343183202806	0.029219279381114183	0.831094968333191	0.03664732585618302
212.	0.988564110164909	0.005183731936659719	0.9845283315949834	0.006269237949606099	0.9882832995122325	0.005255705493286633	0.9862623363491364	0.005854176208952289	0.8769402956726459	0.029146812685373003	0.831285496808655	0.0365632712250446
213.	0.9884663134773707	0.005168326036830262	0.9844334031647995	0.006250709840688318	0.9881861105007114	0.005240090988175461	0.9861634092205884	0.005836816721394245	0.8770427619665485	0.029075186697579802	0.8314713507777666	0.0364801078124849
214.	0.9883686143590111	0.005153143656066117	0.9843384387600718	0.006232448464535301	0.9880890077335588	0.00522470296238875	0.9860645153309548	0.005819707985080691	0.8771417172019886	0.029004401417734693	0.8316525302405255	0.03639783561850379
215.	0.9882710128098302	0.005138184794367229	0.9842434383807999	0.006214453821147048	0.9879919912107747	0.005209541415926666	0.9859656546802357	0.005802850000011572	0.877237161378966	0.028934456845837564	0.831829035196932	0.03631645464310146
216.	0.988173508829828	0.005123449451733597	0.984148402026984	0.006196725910523504	0.9878950609323592	0.005194606348789155	0.985866827268431	0.005786242766186944	0.8773290944974808	0.02886535298188847	0.8320008656469859	0.03623596488627778
217.	0.9880761024190045	0.005108937628165278	0.9840533296986241	0.006179264732664669	0.9877982168983122	0.005179897760976215	0.985768033095541	0.0057698862836068066	0.877417516557533	0.028797089825887412	0.8321680215906873	0.036156366348032876
218.	0.9879787935773595	0.00509464932366227	0.9839582213957202	0.0061620702875706534	0.9877014591086335	0.005165415652487904	0.9856692721615652	0.005753780552271159	0.8775024275591224	0.028729667377834445	0.8323305030280361	0.03607765902836657
219.	0.9878815823048933	0.005080584538224575	0.9838630771182723	0.006145142575241347	0.9876047875633235	0.005151160023324053	0.985570544466504	0.005737925572180003	0.8775838275022494	0.028663085637729402	0.8324883099590323	0.035999842927279035
220.	0.9877844686016058	0.005066743271852137	0.9837678968662803	0.006128481595676805	0.9875082022623819	0.005137130873484885	0.9854718500103573	0.005722321343333281	0.8776617163869136	0.02859734460557245	0.8326414423836761	0.03592291804477016
221.	0.9876874524674969	0.005053125524544955	0.9836726806397443	0.006112087348876971	0.9874117032058088	0.00512332820297029	0.9853731887931251	0.005706967865731105	0.8777360942131153	0.028532444281363423	0.8327899003019673	0.035846884380839994
222.	0.9875905339025667	0.005039731296303085	0.9835774284386644	0.0060959598348419575	0.9873152903936042	0.005109752011780211	0.9852745608148072	0.005691865139373364	0.8778069609808542	0.028468384665102542	0.832933683713906	0.035771741935488544
223.	0.9874937129068152	0.005026560587126472	0.9834821402630404	0.006080099053571653	0.9872189638257681	0.00509640229991476	0.985175966075404	0.005677013164260114	0.8778743166901306	0.028405165756789696	0.8330727926194921	0.03569749070871575
224.	0.9873969894802423	0.005013613397015171	0.9833868161128724	0.006064505005066112	0.9871227235023006	0.00508327906737388	0.9850774045749151	0.005662411940391299	0.8779381613409443	0.028342787556424776	0.8332072270187256	0.03562413070052162
225.	0.9873003636228481	0.005000889725969182	0.9832914559881604	0.006049177689325336	0.9870265694232014	0.005070382314157518	0.9849788763133408	0.005648061467767029	0.8779984949332954	0.028281250064007946	0.8333369869116066	0.03555166191090625
226.	0.9872038353346326	0.00498838957398845	0.9831960598889044	0.006034117106349268	0.9869305015884708	0.005057712040265838	0.984880381290681	0.005633961746387195	0.8780553174671839	0.02822055327953915	0.8334620722981352	0.035480084339869544
227.	0.9871074046155958	0.00497611294107303	0.9831006278151043	0.006019323256137965	0.9868345199981087	0.005045268245698675	0.9847819195069356	0.005620112776251851	0.8781086289426097	0.028160697203018337	0.8335824831783111	0.03540939798741155
228.	0.9870110714657376	0.004964059827222866	0.9830051597667603	0.006004796138691426	0.9867386246521151	0.005033050930456084	0.9846834909621046	0.005606514557360942	0.8781584293595729	0.028101681834445558	0.8336982195521345	0.035339602853532215
229.	0.9869148358850581	0.004952230232438015	0.9829096557438722	0.0059905357540096515	0.98664281555049	0.005021060094538066	0.9845850956561882	0.005593167089714579	0.8782047187180735	0.02804350717382087	0.8338092814196054	0.03527069893823165
230.	0.9868186978735574	0.004940624156718476	0.9828141157464402	0.00597654210209253	0.9865470926932334	0.005009295737944619	0.9844867335891863	0.005580070373312707	0.8782474970181114	0.02798617322114416	0.8339156687807237	0.03520268624150974
231.	0.9867226574312352	0.004929241600064194	0.982718539774464	0.005962815182940284	0.9864514560803452	0.0049977578606758	0.9843884047610988	0.005567224408155269	0.8782867642596867	0.02792967997641549	0.8340173816354894	0.03513556476336649
232.	0.9866267145580917	0.004918082562475223	0.9826229278279439	0.005949354996552747	0.9863559057118256	0.004986446462731553	0.9842901091719258	0.005554629194242322	0.8783225204427993	0.027874027439634852	0.8341144199839028	0.03506933450380201
233.	0.9865308692541269	0.00490714704395151	0.9825272799068798	0.005936161542929863	0.9862604415876746	0.004975361544111823	0.9841918468216673	0.0055422847315738655	0.8783547655674494	0.02781921561080225	0.8342067838259635	0.03500399546281613
234.	0.9864351215193408	0.004896435044493108	0.9824315960112717	0.005923234822071799	0.9861650637078919	0.00496450310481672	0.9840936177103232	0.005530191020149899	0.8783834996336368	0.02776524448991763	0.8342944731616716	0.03493954764040902
235.	0.9863394713537332	0.004885946564100019	0.9823358761411195	0.005910574833978499	0.9860697720724778	0.004953871144846189	0.9839954218378937	0.005518348059970368	0.8784087226413616	0.027712114076981043	0.8343774879910272	0.03487599103658057
236.	0.9862477101683494	0.004873664438337255	0.9822454392060509	0.005895785016052035	0.9859784693630302	0.004941422110866844	0.9839019147650979	0.005504498665516444	0.8784686867299548	0.027653178616177165	0.8345039708741793	0.03480675004587647
237.	0.9861578107900304	0.004860667194843016	0.9821574413174176	0.005880146750689208	0.985889068912794	0.004928248640004407	0.9838106072794456	0.005489849697728255	0.8785429394321947	0.02759199142780011	0.8346481811819593	0.03473534048093796
238.	0.9860682179995601	0.00484778226510757	0.9820697006831735	0.005864643096746169	0.9857999698598884	0.004915188988352692	0.9837195896915342	0.005475327043630962	0.8786157898980417	0.027531278570044726	0.8347903710596059	0.034664459624607624
239.	0.9859789317969384	0.004835009649130917	0.9819822173033186	0.005849274054222808	0.9857111722043135	0.004902243155911756	0.9836288620013637	0.005460930703224676	0.8786872381274956	0.02747104004291112	0.8349305405071191	0.034594107476885294
240.	0.9858899521821652	0.004822349346913002	0.9818949911778528	0.0058340396231192915	0.9856226759460691	0.004889411142681599	0.9835384242089342	0.005446660676509174	0.8787572841205565	0.02741127584639924	0.835068689524499	0.03452428403777119
241.	0.9858012791552409	0.004809801358453936	0.9818080223067763	0.005818939803435452	0.9855344810851554	0.004876692948662331	0.9834482763142458	0.005432516963484624	0.8788259278772245	0.02735198598050914	0.8352048181117455	0.03445498930726515
242.	0.9857129127161651	0.004797365683753607	0.9817213106900889	0.005803974595171291	0.9854465876215722	0.0048640885738537865	0.9833584183172982	0.005418499564150969	0.8788931693974994	0.02729317044524071	0.8353389262688586	0.03438622328536728
243.	0.985624852864938	0.0047850423228121275	0.9816348563277908	0.005789143998326973	0.9853589955553198	0.00485159801825602	0.9832688502180916	0.005404608478508155	0.8789590086813814	0.02723482924059406	0.8354710139958383	0.03431798597207747
244.	0.9855370996015594	0.004772831275629441	0.9815486592198819	0.0057744480129023334	0.9852717048863979	0.004839221281868977	0.9831795720166261	0.0053908437065563475	0.8790234457288704	0.02717696236656919	0.8356010812926847	0.03425027736739583
245.	0.9854496529260296	0.004760732542205548	0.9814627193663621	0.005759886638897482	0.9851847156148067	0.004826958364692768	0.9830905837129015	0.005377205248295325	0.8790864805399663	0.027119569823166045	0.8357291281593977	0.03418309747132231
246.	0.9853625128383484	0.004748746122540393	0.9813770367672315	0.005745459876312364	0.9850980277405461	0.004814809266727393	0.9830018853069178	0.005363693103725253	0.8791481131146693	0.027062651610384625	0.8358551545959774	0.03411644628385685
247.	0.9852756793385159	0.004736872016634142	0.9812916114224901	0.005731167725147035	0.9850116412636162	0.004802773987972742	0.9829134767986751	0.005350307272846078	0.8792083434529793	0.02700620772822493	0.8359791606024236	0.034050323804999505
248.	0.985189152426532	0.004725110224486517	0.9812064433321379	0.005717010185401383	0.9849255561840168	0.004790852528428924	0.9828253581881734	0.005337047755657798	0.8792671715548963	0.02695023817668707	0.8361011461787364	0.03398473003475033
249.	0.9851029321023967	0.004713460746097853	0.981121532496175	0.005702987257075465	0.9848397725017481	0.004779044888095829	0.9827375294754127	0.005323914552160469	0.8793245974204202	0.026894742955770823	0.8362211113249159	0.033919664973109276
250.	0.9850170183661102	0.004701923581467871	0.9810368789146011	0.005689098940169335	0.98475429021681	0.004767351066973513	0.9826499906603929	0.005310907662353981	0.8793806210495513	0.026839722065476412	0.8363390560409621	0.03385512862007628
251.	0.9849314112176722	0.004690498730596737	0.9809524825874165	0.005675345234682938	0.9846691093292026	0.004755771065062031	0.9825627417431142	0.005298027086238388	0.8794352424422893	0.02678517550580367	0.8364549803268749	0.033791120975651456
252.	0.9848461106570829	0.0046791861934843415	0.9808683435146212	0.0056617261406162744	0.9845842298389257	0.004744304882361328	0.9824757827235764	0.005285272823813747	0.8794884615986344	0.02673110327675271	0.8365688841826543	0.03372764203983469
253.	0.9847611166843423	0.004667985970130739	0.9807844616962149	0.0056482416579693995	0.9844996517459795	0.004732952518871458	0.9823891136017795	0.005272644875079946	0.8795402785185864	0.02667750537832353	0.8366807676083003	0.0336646918126261
254.	0.9846764292994503	0.0046568980605359855	0.9807008371321979	0.005634891786742202	0.9844153750503639	0.0047217139745922565	0.9823027343777236	0.005260143240037096	0.8795906932021454	0.026624381810516018	0.836790630603813	0.03360227029402563
255.	0.984592048502407	0.004645922464700025	0.98061746982257	0.0056216765269347935	0.984331399752079	0.004710589249523944	0.9822166450514087	0.005247767918685031	0.8796397056493115	0.026571732573330342	0.8368984731691922	0.03354037748403327
256.	0.9845079742932122	0.004635059182622803	0.9805343597673314	0.005608595878547118	0.9842477258511246	0.004699578343666355	0.9821308456228347	0.005235518911023973	0.8796873158600845	0.026519557666766336	0.8370042953044381	0.03347901338264897
257.	0.9844242066718663	0.004624308214304429	0.980451506966482	0.005595649841579231	0.984164353347501	0.0046886812570196	0.9820453360920017	0.005223396217053755	0.8797335238344646	0.02646785709082411	0.8371080970095507	0.03341817798987279
258.	0.9843407456383688	0.004613669559744793	0.9803689114200217	0.005582838416031022	0.9840812822412078	0.004677897989583568	0.9819601164589098	0.005211399836774544	0.8797783295724516	0.026416630845503553	0.8372098782845298	0.03335787130570478
259.	0.98425759119272	0.004603143218944006	0.9802865731279506	0.005570161601902546	0.9839985125322455	0.00466722854135837	0.9818751867235588	0.005199529770186118	0.8798217330740457	0.02636587893080483	0.8373096391293756	0.033298093330144884
260.	0.9841747433349199	0.004592729191901956	0.9802044920902688	0.005557619399193858	0.9839160442206136	0.004656672912343951	0.9817905468859487	0.0051877860172886425	0.8798637343392468	0.02631560134672778	0.837407379544088	0.03323884406319311
261.	0.9840922020649685	0.0045824274786187	0.9801226683069761	0.005545211807904904	0.9838338773063124	0.00464623110254031	0.9817061969460796	0.005176168578082008	0.8799043333680548	0.026265798093272508	0.8375030995286671	0.03318012350484939
262.	0.9840099673828657	0.004572238079094293	0.9800411017780727	0.005532938828035683	0.9837520117893418	0.004635903111947448	0.9816221369039515	0.00516467745256638	0.87994353016047	0.02621646917043896	0.8375967990831127	0.03312193165511379
263.	0.9839280392886116	0.004562160993328679	0.9799597925035584	0.005520800459586195	0.9836704476697019	0.0046256889405653645	0.9815383667595643	0.005153312640741592	0.879981324716492	0.026167614578227194	0.837688478207425	0.03306426851398636
264.	0.983846417782206	0.004552196221321747	0.9798787404834333	0.0055087967025564955	0.9835891849473926	0.0046155885883940595	0.9814548865129181	0.0051420741426077	0.8800177170361212	0.026119234316637097	0.837778136901604	0.03300713408146705
265.	0.9837651028636492	0.0045423437630737196	0.9797979457176974	0.005496927556946529	0.9835082236224139	0.004605602055433589	0.9813716961640129	0.005130961958164704	0.8800527071193573	0.02607132838566878	0.8378657751656495	0.03295052835755585
266.	0.983684094532941	0.00453260361858443	0.9797174082063507	0.005485193022756296	0.9834275636947658	0.004595729341683896	0.9812887957128487	0.005119976087412603	0.8800862949662004	0.026023896785322242	0.8379513929995617	0.03289445134225272
267.	0.9836033927900815	0.004522975787853933	0.9796371279493932	0.005473593099985796	0.9833472051644484	0.004585970447144927	0.9812061851594254	0.0051091165303513986	0.8801184805766505	0.025976939515597375	0.8380349904033405	0.032838903035557754
268.	0.9835229976350706	0.004513460270882286	0.9795571049468249	0.005462127788635085	0.9832671480314616	0.004576325371816792	0.9811238645037431	0.00509838328698109	0.8801492639507077	0.025930456576494343	0.8381165673769859	0.032783883437470906
269.	0.9834429090679082	0.004504057067669376	0.9794773391986458	0.005450797088704107	0.9831873922958054	0.004566794115699435	0.9810418337458018	0.0050877763573016765	0.8801786450883718	0.025884447968013036	0.8381961239204979	0.032729392547992175
270.	0.9833631270885946	0.004494766178215259	0.9793978307048558	0.005439601000192806	0.9831079379574799	0.004557376678792857	0.9809600928856015	0.005077295741313215	0.880206623989643	0.025838913690153398	0.8382736600338766	0.032675430367121505
271.	0.9832836516971297	0.0044855876025199914	0.9793185794654551	0.0054285395231012945	0.9830287850164849	0.004548073061097113	0.980878641923142	0.005066941439015593	0.8802332006545212	0.02579385374291554	0.838349175717122	0.03262199689485901
272.	0.9832044828935134	0.004476521340583461	0.9792395854804435	0.005417612657429516	0.9829499334728207	0.004538883262612037	0.9807974808584237	0.005056713450408923	0.8802583750830063	0.025749268126299463	0.8384226709702339	0.032569092131204624
273.	0.9831256206777457	0.004467567392405725	0.9791608487498211	0.005406820403177526	0.9828713833264869	0.00452980728333785	0.9807166096914461	0.005046611775493093	0.8802821472750985	0.02570515684030511	0.8384941457932125	0.0325167160761583
274.	0.9830470650498266	0.004458725757986781	0.979082369273588	0.005396162760345269	0.982793134577484	0.004520845123274442	0.9806360284222098	0.0050366364142681586	0.8803045172307977	0.025661519884932482	0.8385636001860577	0.03246486872972015
275.	0.9829688160097563	0.004449996437326631	0.979004147051744	0.00538563972893269	0.9827151872258115	0.004511996782421757	0.9805557370507142	0.005026787366734176	0.8803254849501039	0.025618357260181523	0.8386310341487695	0.03241355009189012
276.	0.9828908735575346	0.004441379430425274	0.9789261820842893	0.005375251308939899	0.9826375412714697	0.0045032622607799055	0.9804757355769597	0.005017064632891088	0.8803450504330171	0.0255756689660524	0.8386964476813479	0.0323627601626682
277.	0.9828132376931615	0.004432874737282766	0.9788484743712237	0.0053649975003668415	0.9825601967144585	0.004494641558348833	0.980396024000946	0.005007468212738897	0.8803632136795373	0.025533455002545002	0.838759840783793	0.0323124989420544
278.	0.982735908416637	0.00442448235789894	0.9787710239125473	0.005354878303213573	0.982483153554778	0.004486134675128539	0.9803166023226735	0.004997998106277546	0.8803799746896646	0.025491715369659385	0.8388212134561047	0.03226276643004872
279.	0.9826588857279613	0.0044162022922740185	0.9786938307082601	0.0053448937174799815	0.982406411792428	0.004477741611119024	0.9802374705421418	0.004988654313507146	0.8803953334633987	0.02545045006739549	0.8388805656982831	0.03221356262665109
280.	0.9825821696271342	0.004408034540407779	0.9786168947583621	0.0053350437431662345	0.9823299714274089	0.004469462366320287	0.9801586286593512	0.004979436834427642	0.88040929000074	0.025409659095753268	0.838937897510328	0.03216488753186164
281.	0.9825057601141557	0.004399979102300389	0.9785402160628534	0.005325328380272165	0.9822538324597201	0.004461296940732384	0.9800800766743015	0.004970345669038978	0.8804218443016882	0.025369342454732824	0.8389932088922396	0.032116741145680305
282.	0.9824296571890259	0.004392035977951847	0.9784637946217337	0.005315747628797773	0.9821779948893621	0.004453245334355205	0.9800018145869929	0.004961380817341321	0.8804329963662435	0.025329500144334216	0.8390464998440178	0.032069123468107086
283.	0.9823538608517447	0.004384205167362043	0.9783876304350033	0.005306301488743226	0.9821024587163347	0.004445307547188804	0.9799238423974251	0.004952542279334504	0.8804427461944057	0.025290132164557222	0.8390977703656627	0.03202203449914198
284.	0.9822783711023122	0.004376486670531032	0.978311723502662	0.005296989960108411	0.9820272239406379	0.004437483579233292	0.9798461601055983	0.004943830055018583	0.8804510937861749	0.025251238515402008	0.8391470204571742	0.031975474238784996
285.	0.9822031879407283	0.004368880487458815	0.97823607382471	0.005287813042893275	0.9819522905622717	0.004429773430488504	0.9797687677115126	0.004935244144393558	0.8804580391415512	0.025212819196868574	0.8391942501185522	0.031929442687036125
286.	0.9821283113669931	0.004361386618145391	0.9781606814011472	0.005278770737097982	0.9818776585812362	0.004422177100954494	0.9796916652151677	0.0049267845474594285	0.8804635822605346	0.02517487420895681	0.8392394593497969	0.031883939843895315
287.	0.9820537413811065	0.00435400506259076	0.9780855462319735	0.005269863042722367	0.9818033279975313	0.004414694590631207	0.9796148526165638	0.00491845126421625	0.8804677231431248	0.02513740355166688	0.8392826481509083	0.03183896570936273
288.	0.9819794779830685	0.0043467358207949225	0.9780106683171891	0.005261089959766485	0.9817292988111571	0.004407325899518755	0.9795383299157009	0.0049102442946639124	0.8804704617893221	0.025100407224998622	0.8393238165218863	0.031794520283438155
289.	0.9819055211728792	0.004339578892757823	0.9779360476567938	0.005252451488230447	0.9816555710221134	0.004400071027617136	0.979462097112579	0.00490216363880247	0.8804717981991264	0.025063885228952143	0.8393629644627308	0.03175060356612175
290.	0.9818318709505386	0.004332534278479572	0.9778616842507877	0.005243947628114087	0.9815821446304004	0.004392929974926241	0.9793861542071981	0.004894209296631924	0.8804717323725377	0.02502783756352739	0.8394000919734421	0.031707215557413515
291.	0.9817585273160466	0.0043256019779601695	0.9777875780991708	0.005235578379417405	0.981509019636018	0.004385902741446124	0.9793105011995581	0.004886381268152329	0.880470264309556	0.024992264228724415	0.83943519905402	0.031664356257313286
292.	0.9816854902694032	0.00431878199119945	0.9777137292019432	0.005227343742140567	0.9814361960389663	0.0043789893271768965	0.9792351380896591	0.004878679553363574	0.8804673940101814	0.02495716522454311	0.8394682857044645	0.03162202566582123
293.	0.9816127598106086	0.0043120743181975785	0.9776401375591047	0.005219243716283406	0.981363673839245	0.004372189732118392	0.9791600648775011	0.0048711041522657705	0.8804631214744136	0.024922540550983585	0.8394993519247756	0.03158022378293729
294.	0.9815403359396625	0.004305478958954445	0.9775668031706554	0.0052112783018459785	0.9812914530368546	0.0043655039562706666	0.9790852815630839	0.004863655064858863	0.880457446702253	0.02488839020804584	0.8395283977149534	0.031538950608661465
295.	0.9814682186565651	0.0042989959134701605	0.9774937260365952	0.00520344749882834	0.9812195336317947	0.004358931999633664	0.9790107881464079	0.004856332291142851	0.8804503696936993	0.024854714195729766	0.8395554230749978	0.03149820614299376
296.	0.9813964079613163	0.004292625181744669	0.9774209061569243	0.0051957513072304895	0.9811479156240654	0.0043524738622074954	0.9789365846274727	0.004849135831117679	0.8804418904487527	0.02482151251403547	0.8395804280049087	0.031457990385934165
297.	0.9813249038539162	0.004286366763777971	0.9773483435316427	0.005188189727052317	0.9810765990136668	0.004346129543992161	0.9788626710062786	0.004842065684783514	0.880432008967413	0.024788785162962956	0.8396034125046863	0.03141830333748269
298.	0.9812537063343648	0.0042802206595700665	0.9772760381607501	0.0051807627582938776	0.9810055838005988	0.00433989904498755	0.9787890472828253	0.0048351218521401895	0.8804207252496804	0.024756532142512166	0.8396243765743306	0.03137914499763933
299.	0.981182815402662	0.0042741868691208995	0.9772039900442469	0.005173470400955227	0.9809348699848615	0.004333782365193772	0.9787157134571132	0.004828304333187705	0.8804080392955548	0.0247247534526831	0.8396433202138415	0.03134051536640409
300.	0.9811122310588078	0.004268265392430581	0.9771321991821327	0.005166312655036309	0.9808644575664547	0.004327779504610718	0.9786426695291419	0.004821613127926172	0.8803939511050362	0.02469344909347576	0.839660243423219	0.03130241444377696